10
PLACE0
Road1______Bus13
2
1 5.000000
2 6.000000
PLACE1
Road2______Bus707,9,4,33,103,11
2
0 5.000000
3 3.000000
PLACE2
Road3______Bus709
3
0 6.000000
3 6.000000
4 3.000000
PLACE3
Road4______Bus22,4
5
1 3.000000
2 6.000000
4 3.000000
5 4.000000
6 4.000000
PLACE4
Road5______Bus60
4
2 3.000000
3 3.000000
5 1.000000
7 4.000000
PLACE5
Road6______BusK208,308,31,25,721,411
3
3 4.000000
4 1.000000
8 5.000000
PLACE6
Road7______Bus402,508
2
3 4.000000
9 4.000000
PLACE6
Road8______Bus336，216
2
4 4.000000
8 2.000000
PLACE7
Road9______Bus19,400,41
3
5 5.000000
9 2.000000
7 2.000000
PLACE8
Road10______Bus14
2
8 2.000000
6 4.000000
